3.481322807279041052e-05 6.093046224080373643e-08 -6.387233974832644925e-09 -2.802998337181356335e-05 2.664719847976084957e-05 8.813419983171019698e-06 -2.797916317214736124e-05 -2.676984211510273864e-05 8.866964463500782317e-06 -7.425002543204126798e-05 -1.053372787809694743e-07 -1.765648560548881555e-05
6.093046224080643634e-08 3.500665534352208748e-05 4.489131364064720082e-08 2.669833384716308719e-05 -5.902093986194540548e-05 -1.541783833990662792e-05 -2.681882744808487972e-05 -5.919772554445342460e-05 1.533677578837669176e-05 -1.074873132010681372e-07 -1.276424514594008405e-05 -8.690536375557268828e-08
-6.387233974833564749e-09 4.489131364064707509e-08 2.993146285815104737e-06 5.880200657369185444e-06 -1.008261450145808793e-05 -3.753783548542037976e-06 5.728098728231123837e-06 9.882821562446875662e-06 -3.714353521976353939e-06 -1.158440054441731859e-05 3.182502372570218714e-08 -3.731190839496679653e-06
-2.802998337181356335e-05 2.669833384716308381e-05 5.880200657369184597e-06 1.030513691540070316e-04 -1.082267445581651936e-04 -2.616659352430372666e-05 8.095778023980574532e-06 -1.319219304220869668e-05 -2.716730011792164153e-06 -6.268552843690639049e-06 2.152291954657943297e-05 6.881627310737501069e-06
2.664719847976084957e-05 -5.902093986194541225e-05 -1.008261450145808793e-05 -1.082267445581652342e-04 2.281517734986026301e-04 4.525721114538313017e-05 1.331827504994134969e-05 -1.075600782705230824e-05 -6.591588367400574127e-06 -4.796217520404630127e-06 3.440369937238239688e-06 -9.399337506078523604e-07
8.813419983171019698e-06 -1.541783833990662792e-05 -3.753783548542038399e-06 -2.616659352430373005e-05 4.525721114538313694e-05 1.368951653721639672e-05 -2.461192784357676092e-06 6.887327783409399601e-06 1.444012989264137180e-07 -4.349011674111510182e-06 5.543729783805578418e-06 2.114541066100025257e-07
-2.797916317214736801e-05 -2.681882744808487972e-05 5.728098728231121296e-06 8.095778023980572838e-06 1.331827504994134969e-05 -2.461192784357675245e-06 1.029715852580709973e-04 1.083551580487233213e-04 -2.601694154201994764e-05 -6.378920723232933984e-06 -2.132656927292213894e-05 7.045551407721228600e-06
-2.676984211510273864e-05 -5.919772554445341104e-05 9.882821562446873968e-06 -1.319219304220870007e-05 -1.075600782705230315e-05 6.887327783409399601e-06 1.083551580487232942e-04 2.285940931645239881e-04 -4.511681201324582762e-05 5.000612486231698035e-06 3.659521726148906807e-06 1.251351928538292083e-06
8.866964463500782317e-06 1.533677578837669176e-05 -3.714353521976353515e-06 -2.716730011792161189e-06 -6.591588367400570739e-06 1.444012989264132416e-07 -2.601694154201995442e-05 -4.511681201324584117e-05 1.361832918830097634e-05 -4.443471529307621461e-06 -5.676560037228974795e-06 1.351078053652389941e-07
-7.425002543204126798e-05 -1.074873132010688916e-07 -1.158440054441731859e-05 -6.268552843690641590e-06 -4.796217520404626739e-06 -4.349011674111513570e-06 -6.378920723232929749e-06 5.000612486231697188e-06 -4.443471529307623155e-06 2.904656296928738034e-04 1.977857335961917956e-07 5.213734107178627118e-05
-1.053372787809722139e-07 -1.276424514594008574e-05 3.182502372570196876e-08 2.152291954657943297e-05 3.440369937238233335e-06 5.543729783805576724e-06 -2.132656927292213555e-05 3.659521726148903842e-06 -5.676560037228974795e-06 1.977857335961917162e-07 4.065954047351300196e-05 1.375191831586914746e-08
-1.765648560548881555e-05 -8.690536375557100745e-08 -3.731190839496679230e-06 6.881627310737504457e-06 -9.399337506078533133e-07 2.114541066100018639e-07 7.045551407721228600e-06 1.251351928538292718e-06 1.351078053652385177e-07 5.213734107178627118e-05 1.375191831586964874e-08 1.361427585409077579e-05
