3.042098232995310895e-05 1.559540094820072230e-07 -3.094884993953817931e-08 -1.986867548324525938e-05 2.231907563170414411e-05 9.181174224769953756e-06 -1.984673019177169445e-05 -2.257436768073865666e-05 9.175902446750482496e-06 -5.875826700193419557e-05 -1.466512612961771415e-07 -1.831232563864787266e-05 -6.907701346316544220e-06 -1.382972258031355241e-07 6.245892818964507244e-08
1.559540094820071701e-07 3.042098234056066856e-05 1.560027818521835664e-07 2.233552528567257973e-05 -4.575870222982826000e-05 -1.601865680627853562e-05 -2.258998529374478298e-05 -4.583353923796065305e-05 1.573877135869724666e-05 -1.524557465825712655e-07 -6.889146736396236033e-06 -1.424089280387356555e-07 -1.333247814790484937e-07 -6.899985855828203451e-06 -1.181151129601083965e-07
-3.094884993953817269e-08 1.560027818521839370e-07 3.042296596973145407e-05 9.509413753162229870e-06 -1.611033313049044420e-05 -1.343925037876452813e-05 9.157641003228431209e-06 1.562301403174722953e-05 -1.340489453139165526e-05 -1.850236597484806263e-05 6.098495647740943361e-08 -1.330321516340386955e-05 -5.747882048038230541e-08 -1.140753463143248395e-07 -6.524088547946762769e-05
-1.986867548324525938e-05 2.233552528567257634e-05 9.509413753162226481e-06 7.077746779112985113e-05 -8.620943313265102984e-05 -3.553522191864906353e-05 4.359047892762196440e-06 -4.700998981460098957e-06 -1.540292937346176222e-06 -8.064988485659666209e-06 1.206518742104398824e-05 3.315787563553847284e-06 1.755583633925444267e-06 1.472715476018603089e-06 8.181517510989457861e-07
2.231907563170414073e-05 -4.575870222982826677e-05 -1.611033313049045097e-05 -8.620943313265102984e-05 1.703925258010874344e-04 6.128347771922950662e-05 4.869609261721871507e-06 -1.222909419151294636e-05 -3.197329114628021798e-06 2.541744765569432108e-06 2.042598308189833679e-07 -3.912343565836424032e-07 1.482533161191696162e-06 1.451028605622230363e-07 -1.887083230278598928e-06
9.181174224769960533e-06 -1.601865680627854240e-05 -1.343925037876452813e-05 -3.553522191864907031e-05 6.128347771922949307e-05 4.597782430457239154e-05 -1.261033558340590518e-06 3.585462344927170316e-06 3.513421497188245504e-06 -2.111860832439413442e-06 2.751696779611040375e-06 3.453840529278910403e-06 7.103595848542335955e-06 -1.213038192880083707e-05 -6.390157387720658105e-06
-1.984673019177168768e-05 -2.258998529374478637e-05 9.157641003228429515e-06 4.359047892762187122e-06 4.869609261721870660e-06 -1.261033558340587977e-06 7.079202864032453700e-05 8.646988385494875859e-05 -3.520679361333763855e-05 -8.180221003419195020e-06 -1.186326645712254552e-05 3.557893402327350551e-06 1.780234582852046534e-06 -1.222222117548654155e-06 1.186934779215557047e-06
-2.257436768073865666e-05 -4.583353923796064627e-05 1.562301403174723292e-05 -4.700998981460093875e-06 -1.222909419151294128e-05 3.585462344927166928e-06 8.646988385494874503e-05 1.705309949012878549e-04 -6.078714504311006294e-05 -2.333416374595649948e-06 1.939593857918523145e-07 7.968896728686525753e-07 -1.235564955332713597e-06 2.761772061323292093e-07 2.285084884618858954e-06
9.175902446750489272e-06 1.573877135869725344e-05 -1.340489453139165865e-05 -1.540292937346173045e-06 -3.197329114628020528e-06 3.513421497188242963e-06 -3.520679361333765888e-05 -6.078714504311008327e-05 4.585815645650602890e-05 -2.138319832972085793e-06 -2.835738081355985270e-06 3.406755911695779529e-06 7.099147897521086126e-06 1.229950895514710264e-05 -6.342417068444950765e-06
-5.875826700193418202e-05 -1.524557465825707361e-07 -1.850236597484806601e-05 -8.064988485659664515e-06 2.541744765569432955e-06 -2.111860832439413866e-06 -8.180221003419196714e-06 -2.333416374595649948e-06 -2.138319832972085793e-06 2.203267434989327400e-04 2.039581996827506552e-07 7.059947895967437731e-05 -5.369263857582165599e-07 1.158356073171822566e-07 -2.255222436921857392e-06
-1.466512612961757650e-07 -6.889146736396237727e-06 6.098495647740841453e-08 1.206518742104397807e-05 2.042598308189815415e-07 2.751696779611040375e-06 -1.186326645712255060e-05 1.939593857918522350e-07 -2.835738081355986117e-06 2.039581996827508141e-07 2.092169861330604814e-05 -6.842653289516210304e-09 1.021357075138935968e-07 2.544786506554314603e-06 -1.203741311980349417e-07
-1.831232563864787605e-05 -1.424089280387359202e-07 -1.330321516340386955e-05 3.315787563553844319e-06 -3.912343565836434091e-07 3.453840529278912944e-06 3.557893402327350551e-06 7.968896728686542694e-07 3.406755911695780376e-06 7.059947895967436376e-05 -6.842653289515871160e-09 4.571029534527652283e-05 -1.403740310378694569e-05 9.450633463352656011e-08 -6.487202652178794467e-06
-6.907701346316545914e-06 -1.333247814790480437e-07 -5.747882048038147823e-08 1.755583633925441091e-06 1.482533161191694891e-06 7.103595848542335955e-06 1.780234582852048016e-06 -1.235564955332712750e-06 7.099147897521085279e-06 -5.369263857582166658e-07 1.021357075138922071e-07 -1.403740310378694738e-05 2.093008755964512318e-05 1.127466774865845914e-07 3.377183258583004125e-08
-1.382972258031350741e-07 -6.899985855828203451e-06 -1.140753463143252630e-07 1.472715476018603089e-06 1.451028605622267950e-07 -1.213038192880083707e-05 -1.222222117548657755e-06 2.761772061323304798e-07 1.229950895514709926e-05 1.158356073171817933e-07 2.544786506554314603e-06 9.450633463352673216e-08 1.127466774865841282e-07 2.093618557435327198e-05 1.315352304350635511e-07
6.245892818964536360e-08 -1.181151129601082642e-07 -6.524088547946764124e-05 8.181517510989463154e-07 -1.887083230278598505e-06 -6.390157387720653870e-06 1.186934779215557894e-06 2.285084884618858954e-06 -6.342417068444949071e-06 -2.255222436921857392e-06 -1.203741311980349417e-07 -6.487202652178797008e-06 3.377183258583095445e-08 1.315352304350634717e-07 2.452208338707855049e-04
